0.277926
0.251749
0.264805
0.266493
0.188251
0.157896
0.055918
-0.023891
-0.016427
0.014067
0.045370
0.181917
0.195594
0.237272
0.273250
0.256258
0.257676
-0.000366
-0.073798
-0.096404
-0.153818
-0.177056
-0.170556
-0.173062
-0.094017
-0.019514
0.034786
-0.169705
-0.202323
-0.256695
-0.285326
-0.142533
-0.179447
-0.224280
-0.216733
-0.161509
-0.080462
-0.079810
-0.102126
-0.099220
-0.097244
-0.097053
-0.079221
-0.077603
-0.075429
-0.079488
-0.104418
-0.076345
-0.089728
-0.133591
-0.168834
-0.166257
-0.177630
-0.130965
-0.095748
-0.109968
-0.135452
-0.149293
-0.136004
-0.096196
-0.114893
-0.129848
-0.130823
-0.135093
-0.120467
-0.103474
-0.109470
-0.087406
