0.138463
0.124217
0.132512
0.134577
0.093998
0.079009
0.028871
-0.011639
-0.007217
0.007707
0.021973
0.090574
0.097973
0.117402
0.135932
0.127107
0.127968
0.000051
-0.036145
-0.046684
-0.075505
-0.087145
-0.084036
-0.084582
-0.045123
-0.007095
0.019091
-0.084157
-0.100335
-0.127912
-0.142539
-0.071419
-0.090210
-0.113024
-0.109295
-0.081726
-0.040487
-0.038551
-0.051051
-0.049421
-0.048709
-0.048607
-0.039157
-0.037931
-0.037055
-0.038930
-0.051575
-0.037441
-0.045748
-0.067209
-0.084269
-0.083755
-0.089857
-0.067269
-0.049016
-0.056151
-0.068951
-0.076040
-0.069388
-0.049523
-0.058366
-0.064752
-0.066193
-0.068437
-0.061710
-0.053579
-0.056662
-0.044635
