0.168708
0.151618
0.141739
0.141400
0.101467
0.082899
0.023465
-0.022821
-0.027100
-0.012575
0.012563
0.083969
0.093277
0.124907
0.140602
0.136505
0.145958
0.017848
-0.022210
-0.043983
-0.071213
-0.082376
-0.082075
-0.082102
-0.040842
-0.003520
0.022565
-0.082564
-0.106197
-0.134609
-0.154674
-0.070964
-0.094594
-0.119388
-0.116735
-0.084281
-0.026994
-0.036970
-0.045078
-0.046972
-0.040765
-0.041339
-0.037377
-0.035669
-0.038959
-0.038722
-0.049901
-0.034730
-0.046807
-0.073301
-0.094287
-0.094487
-0.095139
-0.071566
-0.049414
-0.054312
-0.073885
-0.078890
-0.071616
-0.049468
-0.061385
-0.074942
-0.075354
-0.074371
-0.062939
-0.052563
-0.056160
-0.045204
