0.186840
0.163488
0.136206
0.127790
0.082573
0.052367
0.000285
-0.049513
-0.055043
-0.043380
-0.004703
0.063983
0.087864
0.120696
0.143350
0.151812
0.172338
0.028603
-0.006167
-0.028593
-0.055546
-0.062603
-0.061347
-0.063203
-0.021936
0.014401
0.040249
-0.075182
-0.101427
-0.131411
-0.148997
-0.076429
-0.099163
-0.119307
-0.113132
-0.079052
-0.018900
-0.029132
-0.035678
-0.033484
-0.030109
-0.033529
-0.026816
-0.027000
-0.026654
-0.021937
-0.036429
-0.017891
-0.053780
-0.080309
-0.097068
-0.095669
-0.099121
-0.075791
-0.059734
-0.066682
-0.087167
-0.088586
-0.080096
-0.061071
-0.070690
-0.080365
-0.086067
-0.080668
-0.071236
-0.070540
-0.069988
-0.057455
