0.154766
0.136254
0.125804
0.117645
0.078748
0.053476
0.007609
-0.035749
-0.035854
-0.020688
0.006322
0.070862
0.087515
0.112367
0.135604
0.141028
0.145673
0.014942
-0.018828
-0.034352
-0.062072
-0.070285
-0.067548
-0.066902
-0.030183
0.007821
0.032867
-0.075222
-0.096510
-0.124481
-0.140982
-0.076228
-0.094067
-0.110124
-0.103695
-0.075055
-0.028075
-0.032702
-0.041617
-0.034285
-0.036643
-0.038322
-0.029666
-0.031840
-0.027248
-0.023959
-0.041083
-0.022875
-0.055757
-0.076214
-0.089765
-0.088758
-0.093561
-0.070629
-0.052418
-0.060651
-0.078924
-0.084332
-0.075965
-0.058227
-0.067221
-0.074946
-0.077677
-0.074716
-0.065640
-0.063673
-0.065034
-0.055015
