6 66 0.27792576
7 99 0.25174907
12 132 0.2648045
19 163 0.26649302
29 192 0.1882511
46 218 0.15789571
68 239 0.055917755
94 255 -0.023891322
123 257 -0.016426679
151 249 0.014066711
174 231 0.04537023
196 211 0.18191746
214 189 0.19559436
227 163 0.23727193
234 134 0.27325028
239 105 0.25625807
242 76 0.25767553
33 49 -0.00036599208
51 36 -0.073798336
74 33 -0.09640446
98 36 -0.15381768
119 45 -0.17705591
152 46 -0.17055643
171 39 -0.1730616
191 36 -0.094016954
210 39 -0.019514218
223 52 0.03478593
133 73 -0.16970532
133 94 -0.20232299
133 115 -0.25669453
132 136 -0.2853258
109 151 -0.14253332
119 154 -0.17944668
130 157 -0.22428015
141 154 -0.2167325
151 151 -0.1615091
58 75 -0.080461964
72 71 -0.079809554
86 72 -0.10212564
97 80 -0.099220455
85 82 -0.097244024
70 81 -0.09705287
162 80 -0.07922122
174 71 -0.07760322
187 71 -0.07542905
199 76 -0.079487756
188 81 -0.104418464
175 82 -0.07634461
82 188 -0.08972834
101 183 -0.13359053
119 179 -0.16883375
129 182 -0.16625714
140 179 -0.17763044
155 183 -0.13096532
170 187 -0.09574826
155 205 -0.109968096
139 213 -0.13545232
127 215 -0.14929312
116 214 -0.13600421
99 207 -0.096196175
118 189 -0.12984823
128 189 -0.13082327
139 188 -0.135093
139 198 -0.1034739
128 199 -0.10946982
117 199 -0.087406285
